10 17
9 8 60
4 6 22
6 10 89
5 3 4
2 5 18
9 2 11
2 1 76
1 7 68
6 5 60
4 5 64
8 2 1
10 2 74
10 9 39
2 7 72
8 5 83
7 6 77
7 4 36
20 143
15 14 24
3 20 14
19 9 20
17 11 99
16 13 19
7 14 91
19 8 97
18 12 12
1 3 30
14 5 29
18 13 68
14 7 56
3 12 95
10 5 95
12 13 37
10 6 17
15 13 100
3 7 51
17 19 3
8 12 31
18 9 100
15 2 10
8 15 38
16 12 94
1 16 66
15 7 99
5 13 44
5 11 24
2 14 21
12 2 20
16 8 87
2 13 83
19 2 57
7 8 19
4 1 12
20 4 0
8 20 23
20 3 71
20 8 53
10 16 14
1 4 32
6 3 32
13 8 3
5 6 97
11 9 14
15 12 12
4 10 53
12 4 54
14 15 71
7 16 43
12 11 59
17 14 70
3 13 90
4 2 87
14 1 79
10 8 31
15 3 91
12 15 15
8 17 64
16 15 82
4 17 21
17 15 8
7 9 57
19 17 64
20 11 43
14 19 4
5 20 85
16 19 12
2 6 71
6 15 5
18 5 69
17 12 64
1 7 14
6 11 71
8 5 48
16 4 46
15 11 59
2 15 48
20 15 89
3 6 100
10 12 73
17 3 41
10 15 25
11 3 39
8 19 96
14 3 23
20 18 68
8 4 67
16 7 56
8 6 55
17 8 91
2 1 14
13 12 60
5 3 62
11 18 32
4 12 14
6 5 36
7 13 4
15 18 11
11 16 54
12 19 75
17 4 73
17 6 17
8 3 67
18 15 5
10 4 13
3 9 13
15 6 16
20 7 62
7 5 4
2 9 1
11 5 66
2 20 82
8 1 66
3 4 78
16 1 84
9 5 3
20 12 84
4 19 69
16 9 80
11 20 59
10 2 9
19 1 10
3 19 80
1 18 48
13 17 97
3 1 95
19 15 53
4 9 95
19 16 1
4 16 85
6 1 22
9 16 11
5 9 44
11 12 52
1 5 73
19 6 30
6 10 99
5 1 61
19 13 91
19 10 96
9 13 44
12 20 23
30 80
16 12 52
2 17 69
20 14 80
24 7 26
25 6 100
6 14 48
5 29 54
12 10 91
14 6 14
26 30 40
8 21 67
24 16 11
29 20 79
29 21 2
26 7 97
16 22 56
22 23 58
14 3 42
3 22 68
21 12 45
14 25 63
27 16 65
18 19 44
2 30 67
26 23 40
15 6 69
9 17 2
19 13 62
20 4 26
5 28 71
27 15 98
1 12 62
21 27 89
2 16 17
14 12 96
10 28 79
4 8 29
17 7 72
24 14 57
26 3 83
10 21 85
27 1 71
13 18 31
22 24 61
18 30 81
26 27 58
1 6 38
9 11 29
24 27 47
29 9 63
26 14 99
21 14 9
7 25 98
23 21 42
6 9 84
7 13 18
7 9 60
30 12 68
19 9 71
17 21 3
26 15 72
8 22 86
16 24 11
20 10 54
28 17 18
17 11 4
5 18 48
20 15 64
8 3 12
26 1 82
30 5 55
18 7 49
24 1 65
29 30 36
8 15 10
13 17 14
19 16 40
6 23 6
18 12 34
7 24 91
40 151
29 38 69
22 15 27
20 17 98
24 6 22
33 37 71
28 22 5
20 30 60
37 40 16
35 7 98
40 15 25
38 33 37
29 7 82
13 8 54
38 35 33
5 12 90
37 26 35
8 5 84
1 28 4
12 18 65
16 32 86
30 11 13
10 25 29
16 12 65
21 11 84
40 36 34
12 23 39
34 6 56
21 22 61
2 5 52
39 8 69
15 4 30
29 37 68
29 21 6
2 23 59
14 27 99
36 7 2
25 8 43
15 28 34
8 3 27
7 32 58
16 2 7
38 1 64
39 24 71
19 22 51
1 10 58
1 24 23
22 23 93
36 19 83
30 17 1
9 29 17
19 35 94
9 1 54
2 14 43
14 32 35
30 13 97
24 26 31
7 39 72
9 32 92
3 20 54
23 29 57
26 22 61
1 18 13
14 23 69
7 31 38
33 15 2
27 30 35
32 21 27
25 3 78
23 20 56
24 2 57
8 20 93
17 12 88
21 27 66
12 4 74
40 28 12
5 10 38
31 39 98
33 6 69
7 1 52
7 24 39
11 9 72
32 20 10
3 26 79
28 13 33
8 12 69
14 16 5
18 26 70
26 23 40
37 9 23
31 23 91
1 23 67
39 12 26
39 35 31
20 32 89
36 2 59
1 14 18
34 28 72
36 21 98
23 35 85
2 20 47
17 31 78
9 36 15
29 6 18
16 3 86
32 10 45
27 36 32
24 5 66
31 35 50
2 19 5
6 36 97
17 26 38
12 15 25
39 26 63
13 24 41
4 17 11
16 5 39
25 34 58
28 23 2
4 16 63
30 15 69
25 12 2
10 35 8
32 18 12
24 28 58
25 4 73
2 17 28
2 21 2
38 28 85
26 34 66
37 15 7
9 4 54
10 12 98
6 26 12
10 13 35
27 14 14
39 30 38
23 37 55
19 29 36
29 20 23
35 4 82
12 38 22
24 37 15
36 37 13
36 10 90
5 26 3
1 37 64
29 10 95
35 19 14
16 6 30
31 1 57
6 30 60
50 1139
25 23 73
8 24 25
1 42 13
35 5 9
40 42 94
2 7 35
18 10 17
33 45 14
45 33 15
20 4 29
5 27 40
16 14 85
34 20 59
34 41 99
47 37 58
7 29 69
23 45 90
17 7 84
37 18 39
8 48 87
17 41 15
10 27 37
26 25 99
43 38 62
12 1 65
21 17 69
2 27 100
26 4 61
19 13 33
13 46 29
4 13 39
35 6 83
24 6 81
5 43 23
3 46 89
47 20 54
35 50 39
4 37 66
17 9 90
24 22 97
48 19 80
9 41 51
44 41 36
27 26 66
3 1 58
25 33 1
21 24 88
19 7 34
23 28 3
43 42 28
22 46 51
28 29 15
46 33 17
4 3 61
36 41 3
24 13 17
26 39 32
14 46 87
18 15 33
6 31 88
22 36 35
17 46 61
26 43 40
50 9 52
8 23 38
35 33 75
50 20 49
14 50 54
24 49 99
2 42 78
6 3 22
48 38 96
21 48 78
19 41 19
33 5 42
24 50 15
8 14 92
41 38 86
26 12 69
5 19 38
27 39 54
30 19 69
17 30 93
12 2 13
33 50 45
31 1 10
1 36 7
39 43 3
33 4 28
26 7 68
21 40 51
10 42 35
30 22 33
25 27 44
11 45 9
35 17 95
39 37 52
27 5 51
31 46 42
36 22 87
1 37 32
22 21 74
32 47 79
12 47 30
40 14 55
43 34 18
33 37 66
23 50 13
24 33 86
31 22 97
44 15 86
3 4 55
28 10 75
18 37 9
26 45 6
25 46 48
39 2 57
11 15 45
30 20 45
17 25 86
4 6 68
46 37 82
48 29 45
40 43 28
15 47 53
3 16 80
36 45 73
26 35 67
37 32 21
33 21 95
36 47 51
29 40 96
14 3 10
7 32 97
43 8 56
18 24 15
48 2 97
13 48 88
40 39 47
43 11 93
9 8 98
45 20 58
2 49 43
44 26 17
33 25 43
9 16 67
26 37 98
48 18 65
1 25 4
13 40 28
32 13 81
7 8 19
35 21 43
14 21 73
41 11 87
35 30 41
37 33 28
22 32 71
35 27 37
28 37 49
24 45 25
35 19 50
29 38 32
2 20 13
8 44 86
20 19 17
44 5 8
49 34 78
28 33 20
8 9 92
40 46 37
2 3 61
10 8 15
47 31 22
36 5 63
50 39 28
20 16 74
49 14 100
30 8 79
46 39 75
12 30 42
40 29 49
22 24 97
11 38 32
47 35 17
23 10 40
3 38 5
34 1 44
13 42 80
49 48 19
3 13 7
22 48 1
19 49 77
41 39 96
29 24 98
7 49 77
5 9 8
34 26 67
12 45 20
2 47 75
47 4 23
31 24 28
50 1 95
23 11 28
35 25 65
5 36 87
48 26 40
7 36 24
36 39 81
35 20 100
16 29 46
47 29 82
21 50 51
18 1 17
18 45 25
9 18 92
34 5 81
19 20 39
31 49 91
22 30 61
19 32 32
13 3 82
1 35 89
4 14 91
10 14 53
22 1 0
20 43 26
8 28 16
10 34 1
27 18 56
29 43 24
36 11 55
9 11 86
14 27 55
14 42 70
8 31 53
12 32 26
5 17 84
21 42 41
1 21 97
10 5 62
9 21 15
24 11 62
6 49 95
47 7 48
40 24 25
17 5 92
23 42 69
32 46 27
38 36 59
39 23 93
4 44 17
49 36 62
13 33 18
3 5 28
37 44 0
12 24 71
42 27 3
16 36 32
35 14 19
34 9 13
28 38 36
2 30 49
41 9 11
50 21 30
49 25 27
37 3 86
40 35 10
38 21 78
36 32 74
26 29 88
20 12 78
48 16 28
13 10 92
9 38 20
14 40 55
40 13 34
16 35 55
24 3 48
40 15 91
30 9 57
16 26 80
20 9 5
32 11 62
30 16 39
28 7 22
23 38 100
22 40 88
3 41 70
15 35 24
34 8 15
15 7 63
12 15 66
11 35 66
19 12 43
13 21 0
47 33 72
24 41 72
5 26 40
1 3 72
48 17 99
42 6 65
38 5 37
47 9 67
2 33 89
2 26 67
28 49 31
42 50 29
38 39 39
43 40 39
43 7 83
30 2 64
2 8 0
19 21 89
27 15 15
10 44 69
18 49 84
14 41 49
13 27 47
28 41 26
36 44 31
40 50 52
27 42 70
33 49 18
32 50 15
39 20 92
39 26 27
48 42 83
7 17 35
42 35 51
38 32 24
36 25 86
30 3 46
23 26 48
6 38 59
11 12 56
44 48 64
16 7 20
39 7 20
17 35 73
17 2 37
23 13 32
24 34 63
45 27 47
14 29 26
41 25 97
46 48 91
42 11 73
23 5 92
29 7 71
37 13 45
40 2 30
45 21 60
32 29 76
11 13 91
23 14 13
27 21 81
36 30 45
18 40 90
27 14 7
18 3 0
26 9 23
42 33 83
21 14 15
33 3 38
8 18 79
45 19 16
28 12 24
1 11 11
39 1 48
19 28 18
37 25 100
38 6 86
36 50 16
34 17 43
42 31 9
10 25 72
23 15 85
21 20 28
11 42 72
42 48 36
41 33 32
10 48 83
5 49 29
50 28 32
10 39 9
43 5 35
42 28 78
19 33 99
36 2 95
20 24 98
7 20 48
41 46 26
9 35 24
17 27 12
13 18 58
36 31 100
41 12 44
30 11 70
4 48 78
15 11 89
15 39 91
18 22 63
42 19 66
5 3 80
3 35 77
50 40 68
5 16 21
16 43 49
29 18 4
22 2 74
31 2 87
43 6 19
40 3 3
33 32 80
29 1 26
42 5 56
25 4 67
15 22 53
21 23 23
30 17 9
39 28 63
44 14 76
19 30 25
16 31 20
48 33 89
17 15 30
7 12 2
32 14 81
35 31 11
10 43 57
40 1 1
41 15 77
29 33 10
18 38 88
44 19 89
42 17 22
44 30 76
29 36 46
1 19 22
32 48 5
1 18 44
14 10 55
1 23 83
28 32 76
34 13 15
41 36 11
16 2 24
42 20 69
22 16 58
11 29 43
50 12 55
7 44 32
27 10 94
29 32 89
12 37 66
31 40 99
39 17 60
47 30 79
13 24 71
43 22 0
42 4 47
30 29 2
43 21 88
39 16 8
49 11 100
46 49 20
45 39 93
2 10 71
6 21 3
1 24 76
6 22 34
5 10 39
17 39 87
29 50 50
28 40 48
15 10 78
15 13 91
1 39 5
26 6 14
24 15 63
1 8 95
6 1 65
49 21 77
34 44 72
9 32 89
35 13 99
14 22 30
50 3 58
34 18 98
27 3 90
49 30 99
37 36 29
39 44 60
24 36 49
27 36 94
48 22 54
30 13 96
45 36 98
23 31 50
44 29 14
45 49 80
8 39 97
38 19 93
43 13 55
4 24 56
47 40 21
14 6 0
6 17 41
29 15 15
39 40 10
11 20 10
2 38 14
46 34 11
45 8 82
34 25 100
30 35 45
29 3 38
43 12 43
29 23 89
7 14 42
16 30 94
36 9 95
9 47 14
20 45 20
49 40 87
2 43 38
31 35 10
49 1 28
25 38 2
15 24 31
19 4 39
47 46 34
15 40 100
8 37 91
17 49 25
48 9 95
11 46 53
30 36 63
44 40 41
15 44 26
8 25 37
24 42 51
27 40 7
20 39 90
45 1 67
27 22 52
37 22 2
26 28 12
47 11 56
48 10 69
31 23 0
14 36 54
29 37 29
32 8 43
44 6 95
4 47 29
33 28 67
22 43 32
8 47 57
20 44 38
6 23 24
37 4 72
49 22 21
43 49 12
4 33 58
1 49 67
44 10 61
22 10 33
45 10 6
13 20 22
5 24 34
4 50 54
17 1 11
7 26 3
32 25 33
34 19 53
19 34 20
43 4 43
41 34 16
21 36 43
50 44 60
39 31 51
44 3 8
20 25 91
24 43 21
16 40 11
7 40 90
37 35 41
47 25 28
1 34 46
30 34 11
20 35 1
23 7 27
14 2 59
31 10 33
48 50 89
45 46 8
46 32 94
38 1 81
14 23 23
37 49 77
13 17 50
41 28 31
36 33 92
18 12 2
40 12 21
15 25 46
48 43 67
44 22 84
11 4 71
24 46 91
7 37 20
47 27 58
47 6 71
12 5 57
14 30 27
45 31 97
27 47 41
1 5 19
38 35 14
13 30 37
4 35 2
41 6 55
14 25 71
1 20 17
41 43 92
1 26 17
32 10 94
24 20 85
44 46 80
39 33 0
26 11 20
45 47 51
48 1 67
29 20 60
13 1 8
33 20 10
22 11 72
47 44 90
35 12 96
23 12 7
34 36 34
5 20 82
50 41 1
5 46 4
28 46 8
6 26 22
34 12 31
1 47 91
6 40 35
38 3 53
8 42 79
48 15 7
16 46 9
42 32 54
4 22 19
21 16 64
41 16 47
19 42 91
44 23 55
42 25 58
50 13 43
8 29 59
23 43 30
2 5 1
5 47 77
31 43 6
4 29 42
47 13 53
9 39 64
47 19 62
40 8 3
14 24 21
11 36 34
48 4 67
12 20 24
35 23 67
19 15 80
4 20 71
4 28 44
24 47 11
20 6 100
9 30 75
9 19 62
16 42 4
46 50 36
49 24 72
37 30 41
3 47 1
11 40 36
46 44 0
33 48 38
5 11 72
6 5 73
21 47 18
34 3 53
5 30 37
45 43 7
43 15 27
11 50 83
4 39 96
29 19 34
39 4 59
3 43 38
33 29 92
10 2 41
20 10 61
9 28 34
7 30 93
47 17 14
35 37 13
8 35 78
37 43 96
26 44 74
33 13 18
6 14 61
27 32 38
27 38 29
34 16 32
5 48 40
7 19 6
50 2 68
9 43 29
33 47 57
45 48 16
23 32 10
41 32 99
14 31 89
12 46 48
12 6 14
31 30 81
39 45 62
12 14 77
49 37 37
42 47 3
42 10 25
16 33 45
27 33 91
27 46 1
28 1 46
16 50 21
37 12 53
45 30 26
32 20 99
24 27 97
26 30 11
36 6 29
25 39 64
42 38 45
48 39 13
17 20 62
14 17 61
29 46 94
40 45 79
44 50 26
25 47 29
49 32 43
44 21 76
6 34 19
34 14 26
45 17 3
34 28 13
12 13 38
27 23 3
43 20 43
33 42 7
50 5 59
49 2 94
22 18 45
38 46 99
24 30 19
32 41 89
31 26 32
37 9 42
10 29 68
29 2 65
28 17 89
44 17 75
42 23 30
47 34 8
30 46 48
25 37 53
32 2 57
32 43 27
2 12 54
31 41 93
35 11 99
34 46 38
27 9 33
39 8 15
26 2 86
44 28 11
35 24 26
27 43 34
26 46 51
4 10 86
16 44 11
18 16 34
22 23 13
49 42 25
7 46 27
8 43 77
17 33 4
25 28 64
19 2 26
14 43 24
37 28 63
38 24 65
45 18 3
14 16 70
25 44 49
23 49 51
47 15 92
34 2 61
32 7 55
10 26 95
36 29 44
45 14 75
9 2 64
26 40 54
16 21 96
4 19 25
3 30 4
31 18 27
6 25 40
13 2 90
49 47 95
42 16 9
28 24 88
15 41 26
38 34 35
34 7 23
6 47 71
15 46 56
40 21 8
43 45 62
28 48 70
20 49 44
31 3 17
45 3 69
18 35 48
47 22 82
44 36 25
36 10 16
6 24 32
44 2 68
3 8 91
2 29 89
12 9 17
45 28 12
37 24 24
17 6 43
46 13 67
35 32 27
2 45 33
20 29 66
20 31 78
11 48 15
35 26 52
39 6 89
31 42 4
10 37 72
30 40 1
15 18 44
23 3 26
38 14 5
8 3 27
41 29 55
12 36 79
25 3 39
49 44 60
5 14 82
1 38 4
12 22 80
36 19 19
34 43 75
23 9 23
23 33 22
24 8 34
3 25 86
38 41 27
32 6 73
40 41 82
46 38 36
8 5 65
5 4 61
18 9 70
16 9 36
27 16 5
2 18 79
22 7 7
45 44 52
1 17 81
15 38 100
10 20 17
19 1 52
18 17 14
44 13 19
3 27 91
13 34 18
36 13 89
32 27 45
38 45 66
33 14 34
49 35 66
48 44 94
39 5 2
29 35 86
21 45 40
29 26 83
34 24 80
17 8 88
32 33 81
5 12 33
8 12 90
30 26 41
38 4 98
30 27 24
22 26 37
42 46 85
10 4 75
48 6 29
18 48 95
38 42 98
43 17 86
38 37 28
37 23 35
29 12 41
43 9 34
22 8 19
11 47 7
44 16 1
3 7 72
3 45 77
1 29 77
40 38 20
41 20 92
17 50 67
12 23 20
46 23 73
5 18 30
14 7 44
13 45 61
46 25 61
48 32 54
4 40 35
37 29 47
25 1 100
8 20 90
7 10 79
12 33 66
28 20 69
1 31 56
50 23 78
48 40 47
28 18 20
50 48 22
33 31 35
14 48 24
30 24 69
4 17 68
32 42 58
33 36 42
31 12 11
41 47 3
45 29 16
11 21 68
39 34 32
36 4 22
27 48 76
31 16 15
24 32 28
32 38 24
35 8 65
17 13 27
40 5 99
2 28 12
23 30 5
3 23 87
9 34 84
8 4 90
39 10 19
29 47 31
50 29 73
34 23 24
39 48 11
35 46 53
18 21 26
22 49 71
42 15 12
10 16 87
50 24 0
15 28 67
38 49 93
7 34 52
26 14 92
46 16 83
5 8 67
30 21 26
46 28 38
14 47 48
5 44 55
12 7 63
40 31 1
19 8 83
14 37 51
13 31 28
21 27 71
15 12 81
4 5 34
5 22 40
1 14 42
23 16 30
18 47 57
7 11 17
27 37 49
48 36 73
5 13 91
48 35 82
23 21 64
21 49 43
31 17 19
16 19 26
44 4 84
24 25 42
29 4 89
47 1 48
15 1 72
28 31 38
29 11 9
24 28 14
9 24 17
10 1 51
28 34 57
6 9 62
29 16 29
41 42 92
32 22 96
30 45 56
45 41 9
18 23 18
7 25 73
17 23 96
50 34 30
31 21 43
12 39 89
50 6 78
6 35 9
23 22 79
31 33 16
36 40 34
25 12 33
33 7 35
7 5 78
32 15 61
28 3 74
22 17 23
3 19 10
47 45 31
30 23 81
35 40 34
18 5 86
41 3 23
6 33 43
16 1 72
47 2 67
29 31 38
23 6 2
37 17 86
49 27 99
48 37 38
42 18 29
16 17 38
32 35 100
37 2 84
35 49 31
7 33 85
48 47 78
43 30 42
23 18 39
4 1 29
12 17 22
37 39 9
21 29 92
46 4 40
32 16 3
7 39 81
27 49 18
20 46 83
5 2 86
11 49 66
37 6 93
23 37 68
7 38 63
25 42 86
26 32 10
4 11 42
23 40 78
5 42 44
26 24 94
22 45 61
31 28 1
34 47 45
9 22 33
7 42 22
43 28 5
18 27 54
29 39 22
28 25 35
29 48 16
20 41 1
31 20 93
31 39 71
27 17 99
26 47 67
34 40 77
19 17 86
7 22 63
12 41 22
22 28 54
2 19 61
9 10 64
22 15 8
40 20 73
33 27 1
32 37 16
38 16 39
14 32 54
1 10 28
34 22 36
25 35 79
5 25 2
42 1 5
35 15 17
25 5 12
5 37 59
4 36 23
16 41 98
60 1114
17 22 48
23 54 77
15 11 35
30 4 56
4 15 99
51 41 37
21 49 18
37 24 36
2 32 67
53 15 79
52 5 54
32 56 62
46 36 84
52 20 46
46 30 18
40 27 52
43 22 34
30 15 18
4 42 57
29 44 55
60 31 78
10 20 54
20 60 90
49 35 85
29 15 83
60 33 82
51 49 53
53 31 100
49 47 37
38 15 86
46 5 79
33 51 67
3 23 28
12 5 91
35 25 11
29 12 98
20 19 76
35 33 47
46 7 42
2 36 44
58 25 28
39 1 36
15 42 41
20 6 9
16 1 20
2 38 27
42 38 99
11 9 35
15 31 25
7 17 78
22 48 33
57 27 31
20 46 40
1 36 47
37 42 4
26 1 40
6 8 32
38 50 44
26 41 10
49 44 65
31 38 68
41 38 52
10 42 96
25 60 91
42 11 71
29 1 33
21 8 17
39 33 34
12 37 6
52 6 88
24 2 81
4 21 91
21 45 31
58 51 33
46 51 6
46 37 16
46 58 20
45 52 5
2 28 20
50 49 12
30 11 44
18 17 67
13 23 99
1 23 65
27 47 87
46 50 60
34 32 96
26 9 46
37 7 55
4 32 13
28 14 62
29 40 41
44 28 36
56 24 35
10 59 17
45 40 68
28 37 96
34 10 88
28 44 31
28 52 28
20 16 14
19 40 97
22 51 79
32 1 39
40 6 19
11 36 47
58 10 27
52 57 6
23 58 49
50 54 9
37 43 44
50 21 88
7 50 42
17 45 52
37 41 3
16 28 98
10 29 7
12 34 75
13 38 92
14 44 2
49 16 95
7 54 19
34 33 84
32 10 29
6 43 71
44 50 14
50 16 89
54 28 52
37 3 48
25 48 91
10 57 74
9 2 10
24 44 44
52 25 75
43 34 49
57 54 43
5 51 61
30 19 83
24 32 59
8 42 25
5 31 92
19 22 39
24 7 25
56 17 45
50 35 26
19 20 61
58 59 82
30 41 97
44 51 15
36 16 85
35 21 26
50 25 86
60 45 84
56 1 6
36 2 13
31 24 70
13 18 88
14 37 54
1 6 17
29 45 75
50 2 95
36 19 18
19 41 66
54 58 17
36 22 24
45 16 30
20 50 37
6 14 94
17 47 7
28 23 32
52 30 81
46 60 28
48 12 57
49 27 71
37 32 92
9 6 57
4 23 36
48 43 29
18 32 61
26 16 48
54 51 0
2 31 61
36 7 22
53 22 59
15 25 52
27 38 81
29 56 26
43 2 44
57 47 82
6 49 92
46 21 57
59 24 65
57 35 27
38 9 82
47 25 83
39 48 55
25 26 21
20 42 72
39 36 99
53 38 35
1 51 25
52 35 23
50 17 71
48 45 61
32 39 29
3 41 14
10 33 41
46 53 59
22 2 69
51 24 12
30 36 73
57 14 82
21 13 95
36 33 70
40 9 49
3 32 62
39 40 37
39 52 99
44 24 69
17 25 78
25 4 87
55 38 56
6 60 56
26 56 42
8 60 22
24 54 45
58 38 12
58 28 1
34 21 32
41 21 60
2 18 54
23 40 14
59 44 34
21 46 63
59 56 8
56 46 70
51 13 85
1 29 88
23 42 59
40 34 27
28 43 63
32 17 1
24 11 34
2 1 56
60 57 0
49 53 11
15 7 10
52 12 86
39 23 85
35 11 15
40 39 5
30 28 72
22 12 51
53 26 82
27 18 23
31 45 78
15 26 13
10 12 0
11 37 53
29 55 56
40 51 25
56 13 100
19 28 77
43 7 48
16 27 36
6 42 43
11 33 99
26 21 21
27 22 14
34 15 77
26 25 6
8 30 38
16 23 66
8 6 58
8 47 81
53 10 81
4 17 70
15 53 84
51 25 25
7 44 97
37 19 23
13 4 10
3 50 21
17 34 66
43 18 85
49 8 46
25 24 72
42 21 100
17 39 10
25 5 100
38 12 23
7 46 79
10 41 43
55 31 44
23 17 48
4 19 29
14 13 13
35 32 69
29 54 14
24 29 70
12 10 82
21 17 62
56 3 73
40 25 92
53 5 24
51 7 46
5 9 15
3 35 64
19 60 25
43 13 9
58 30 53
46 42 99
24 30 26
51 53 17
6 12 96
28 46 67
50 12 68
15 38 63
10 1 60
42 10 64
24 39 98
16 32 79
12 30 77
2 60 59
40 7 14
3 13 76
3 48 84
5 28 88
57 25 7
4 54 31
50 57 64
19 35 9
55 16 26
30 24 53
13 31 40
54 59 95
49 38 62
53 20 19
5 52 51
41 5 5
34 46 83
40 36 44
52 23 66
41 52 57
33 58 55
24 48 18
30 40 56
6 53 56
59 40 90
32 3 44
26 57 84
34 27 64
14 28 71
7 37 28
48 26 37
2 42 20
50 56 42
14 50 26
22 50 75
17 1 72
38 42 67
33 46 80
9 10 67
4 46 9
20 39 81
39 19 28
20 13 33
25 56 11
15 34 49
52 28 54
33 28 4
19 45 85
19 17 72
9 13 51
23 18 11
6 21 6
50 6 30
58 56 75
11 41 25
7 23 46
21 10 57
5 23 3
23 41 35
55 22 88
17 40 86
40 38 52
30 26 90
45 7 20
13 29 24
5 20 94
21 16 37
35 8 81
5 25 78
59 22 74
52 8 84
11 21 25
13 2 86
29 19 86
24 16 21
24 58 45
35 34 18
59 49 55
29 33 51
29 53 25
53 25 4
12 31 70
10 23 22
8 14 62
59 4 90
23 31 92
36 27 53
58 11 94
11 52 4
10 8 98
50 29 5
27 25 22
41 16 36
36 12 1
59 29 40
8 9 64
31 6 18
53 11 39
24 37 85
24 33 99
51 58 86
56 32 69
45 48 46
20 22 59
32 25 30
7 41 6
9 14 84
37 9 10
3 18 7
14 24 29
56 23 64
56 39 4
12 51 31
46 54 46
7 24 83
38 48 20
11 54 80
44 34 60
4 30 76
2 52 35
30 17 15
59 46 87
53 30 47
37 28 57
31 16 55
16 25 12
58 35 64
25 11 25
18 12 22
60 38 12
20 37 48
1 4 44
40 11 67
16 20 44
6 3 9
20 27 3
38 33 69
22 7 34
57 18 46
29 31 2
7 5 98
56 11 51
18 47 3
41 50 40
4 34 6
56 22 18
8 38 26
49 21 75
28 15 95
2 44 10
43 8 75
60 40 31
6 20 93
26 19 58
27 37 6
10 40 23
3 37 63
1 46 93
3 6 68
2 56 97
59 45 94
36 34 81
27 5 16
17 59 27
13 56 65
34 45 36
35 22 75
7 25 33
2 22 94
38 51 16
41 57 0
20 57 34
48 34 95
41 42 48
14 35 44
7 36 17
1 12 48
25 30 79
44 60 11
24 25 93
57 30 61
60 27 96
31 47 88
52 54 67
26 55 23
17 6 56
18 24 49
43 12 13
23 7 47
32 23 54
8 13 14
55 44 11
38 28 24
9 17 41
50 1 99
14 54 68
10 49 17
56 58 88
21 19 45
60 51 32
57 9 84
34 16 16
40 30 67
39 18 21
55 32 23
25 37 57
51 57 1
10 21 84
43 27 64
23 39 27
23 11 8
2 49 13
11 15 75
27 50 15
22 47 53
23 16 3
41 43 38
14 40 89
5 2 84
47 7 90
35 4 86
55 9 83
33 45 9
46 47 56
15 33 52
9 15 42
50 60 58
11 47 3
19 49 81
19 27 98
52 26 74
14 25 67
2 37 75
55 30 55
18 37 20
1 40 54
38 19 8
6 1 9
33 13 67
35 15 58
36 4 16
52 59 54
10 34 2
6 36 5
41 54 16
24 45 90
59 50 58
14 6 3
6 58 28
21 53 39
46 34 62
59 8 18
29 4 96
22 44 46
30 21 46
42 46 69
56 33 100
24 56 21
45 11 85
54 60 23
17 58 60
42 59 14
43 38 84
2 29 83
16 46 42
45 32 8
46 11 73
32 24 68
20 45 80
3 22 88
32 29 4
55 49 92
27 43 52
1 27 79
24 47 6
29 50 46
40 1 43
24 40 94
55 14 42
31 56 67
22 41 6
56 42 36
18 55 96
48 18 1
9 7 26
33 12 92
25 43 77
18 33 7
22 29 3
45 58 67
55 39 94
37 27 78
16 40 68
56 38 42
48 41 56
15 36 50
20 58 15
48 28 36
29 42 78
55 4 27
38 45 5
36 50 18
1 45 63
44 33 78
12 59 36
2 41 95
16 43 18
20 23 31
42 28 51
39 12 51
47 30 68
44 47 42
5 58 68
21 20 76
22 28 32
13 3 70
39 53 53
52 2 43
12 21 73
28 10 80
5 12 51
21 48 9
7 40 42
25 15 1
55 12 46
40 2 0
48 59 36
36 44 44
43 16 63
28 51 96
48 54 64
32 9 30
48 49 70
5 19 82
9 29 84
28 57 38
17 14 88
1 59 23
4 28 16
35 1 59
27 29 26
7 22 58
8 45 91
54 52 14
52 47 95
18 30 44
33 52 56
2 40 65
52 34 93
22 26 88
40 60 97
11 56 52
51 42 19
15 27 69
16 48 81
38 2 59
54 11 95
16 34 70
23 43 79
32 55 52
30 5 74
60 43 30
31 50 91
54 6 95
21 38 83
23 9 41
18 26 95
6 5 46
56 57 93
55 52 83
35 42 78
23 8 79
22 24 94
28 48 11
1 20 23
38 54 68
5 11 84
19 44 35
9 16 87
17 32 49
12 41 11
19 42 80
27 52 4
25 41 51
34 39 93
21 34 4
35 50 14
13 19 78
32 51 30
15 18 73
48 7 30
7 30 17
58 5 40
21 47 27
5 15 3
40 8 14
51 45 78
2 35 70
29 47 7
18 48 2
57 55 10
60 49 5
47 46 21
17 21 3
39 7 4
8 59 78
18 34 69
25 40 88
60 5 88
20 51 4
28 41 94
44 11 6
49 60 23
23 52 33
53 46 78
51 38 43
22 60 43
26 58 79
35 39 95
1 8 47
40 49 1
29 20 53
49 6 99
21 32 74
42 1 95
59 51 27
53 59 36
55 10 55
25 34 59
45 8 41
3 7 28
44 46 78
44 4 50
56 12 44
51 55 54
49 37 29
2 51 1
39 20 41
39 26 35
51 60 39
8 48 68
16 5 84
41 59 4
12 43 68
35 51 95
15 10 40
22 1 72
17 57 1
5 13 44
51 8 5
51 2 41
59 23 53
5 60 46
48 8 89
35 58 4
32 20 42
41 17 12
18 5 48
28 42 75
29 27 8
27 51 76
39 29 7
44 38 81
30 54 31
40 26 11
22 18 20
3 53 23
46 52 25
48 16 65
21 26 78
53 4 32
5 33 0
55 19 25
18 39 68
22 34 17
14 11 47
57 37 76
14 21 22
29 57 27
31 28 25
13 39 100
46 27 93
55 36 26
53 28 49
49 46 95
5 22 52
55 18 95
22 19 71
35 49 23
20 10 36
37 5 93
34 28 22
28 11 37
3 56 64
46 13 65
29 16 85
20 14 94
20 47 18
1 56 83
16 59 55
13 8 85
35 54 97
60 3 62
18 19 70
52 21 57
19 37 34
14 19 72
19 59 15
2 30 47
14 30 86
49 13 9
25 46 56
12 6 3
17 8 69
6 33 34
18 8 45
52 48 37
12 50 2
18 25 48
43 41 13
5 38 18
35 14 49
30 46 40
46 8 94
55 40 91
37 30 57
37 26 86
37 15 57
29 37 71
25 23 62
26 52 60
40 45 19
18 13 19
43 4 8
51 56 3
30 7 100
2 11 49
20 25 47
34 25 10
16 57 60
9 47 68
57 21 43
9 11 87
4 39 42
47 42 2
24 34 90
13 12 28
37 33 65
33 29 43
9 60 23
18 42 63
49 54 35
16 7 2
48 20 39
57 52 53
12 32 43
3 44 94
37 38 59
50 26 68
59 2 99
43 20 10
41 20 27
19 58 44
43 33 67
42 24 85
31 35 24
43 57 80
43 37 76
45 20 4
35 29 76
1 39 7
16 37 35
30 39 7
20 24 22
2 45 23
51 52 32
47 20 38
33 11 14
14 18 86
49 34 63
39 37 43
43 50 2
53 23 12
59 16 22
27 54 93
34 57 29
50 5 61
32 28 89
31 58 14
9 31 51
4 9 91
48 50 10
53 33 77
15 57 5
27 16 10
22 49 72
42 29 62
53 18 9
42 30 33
53 27 32
53 55 84
39 56 28
30 12 42
9 41 64
56 10 47
36 42 24
13 16 62
3 55 20
10 52 36
8 50 94
38 31 23
10 35 35
42 50 40
57 16 64
48 5 29
54 22 36
47 2 32
57 20 7
11 28 9
32 47 70
33 50 55
60 39 86
29 11 85
37 23 69
8 55 19
42 23 29
25 53 20
8 24 65
42 55 70
33 44 8
15 19 16
30 8 20
39 51 44
14 49 49
46 35 32
26 37 21
53 14 79
19 11 81
11 50 97
10 46 48
52 3 23
31 12 81
5 1 59
50 24 71
32 50 70
3 2 72
46 48 75
3 15 30
9 21 21
21 30 4
38 18 62
6 32 53
50 38 29
8 39 73
41 31 15
45 3 78
18 57 72
40 37 53
2 16 45
30 44 90
17 4 58
20 44 68
24 23 21
2 34 73
8 11 71
17 50 75
51 30 58
55 7 47
10 55 9
37 12 25
16 51 0
2 59 78
3 21 62
48 44 81
27 28 31
40 4 42
31 25 94
5 41 51
56 2 91
10 17 16
12 56 93
6 45 93
58 34 52
4 31 57
3 24 30
37 6 33
34 43 29
41 29 5
52 16 10
46 57 68
31 52 14
41 9 26
59 28 59
59 36 82
25 2 100
27 8 77
47 24 5
48 42 10
39 42 65
8 23 1
32 31 25
18 38 37
49 20 0
52 33 40
33 40 95
49 3 68
40 32 8
7 52 43
34 5 42
11 60 62
7 3 53
1 11 91
52 49 97
5 42 37
6 26 1
33 34 32
25 33 64
36 20 93
44 21 65
24 17 5
12 54 94
1 9 26
59 15 91
30 14 77
5 21 94
54 48 35
12 8 52
31 59 58
53 51 41
36 54 72
40 5 93
57 33 55
55 5 84
20 59 14
17 20 45
28 13 55
20 30 3
34 59 35
23 13 16
54 1 54
26 38 88
10 53 30
34 47 9
56 14 32
58 16 22
24 18 8
12 14 32
42 56 37
32 6 34
23 48 7
43 17 56
9 34 95
23 25 14
10 24 66
1 26 85
35 3 13
57 42 32
56 26 71
28 6 92
38 56 88
27 24 100
25 29 19
30 45 55
19 47 92
41 18 76
7 15 62
29 21 9
28 17 37
26 60 2
30 22 63
33 9 32
57 5 42
7 4 77
20 33 55
20 36 98
27 9 33
18 11 74
3 39 16
25 42 76
32 46 59
2 25 40
48 13 28
27 31 17
21 27 51
15 1 63
35 7 21
48 38 31
31 14 30
31 44 98
42 53 11
70 281
59 40 51
10 56 20
49 14 73
4 41 24
53 17 42
45 38 43
46 13 100
37 16 25
18 36 96
48 43 29
16 61 13
69 38 56
53 22 44
5 55 39
17 48 99
62 15 39
48 18 28
45 34 89
18 37 42
42 57 1
70 49 74
17 20 24
30 27 94
9 17 5
70 38 73
5 2 45
69 43 87
27 57 2
45 42 89
51 41 11
59 30 13
64 56 93
56 46 71
12 58 70
57 62 73
1 46 7
40 59 52
59 62 28
28 52 72
4 45 23
35 49 93
26 69 98
65 5 76
52 50 90
58 64 68
47 13 8
37 69 22
26 25 19
48 68 79
28 63 97
21 69 56
45 19 50
7 15 48
10 11 84
6 7 30
21 54 64
32 62 81
64 19 94
37 53 66
7 30 60
32 68 75
55 35 100
62 67 40
38 21 18
66 36 60
40 29 52
14 31 93
48 57 42
4 3 76
4 61 83
61 21 20
37 54 91
50 30 70
17 34 93
38 34 16
26 50 3
53 27 30
46 58 72
4 25 90
46 42 56
10 6 8
67 3 70
62 63 86
22 66 73
59 34 26
42 63 61
31 19 59
49 60 60
49 63 50
58 20 41
5 1 46
40 43 31
56 38 95
23 65 6
70 54 55
23 17 90
27 40 10
28 55 2
14 32 10
57 38 52
64 69 97
19 65 54
48 8 18
63 33 88
8 17 57
5 4 73
29 39 14
51 32 2
8 58 1
15 21 30
47 67 1
37 43 91
68 49 80
36 70 85
32 39 76
17 7 6
20 33 89
21 25 57
3 28 34
33 6 67
10 26 9
40 31 70
70 17 30
41 39 48
50 31 22
20 32 88
56 36 16
41 10 78
54 23 39
64 25 52
13 33 47
8 69 24
64 54 74
62 43 69
18 42 36
35 7 90
23 11 0
32 3 91
5 23 57
58 23 83
31 54 79
18 5 72
66 7 88
21 31 34
61 15 79
29 69 29
57 58 19
44 48 97
44 47 95
38 29 75
42 40 25
15 54 33
7 65 64
4 58 59
32 44 41
27 70 12
16 68 88
40 32 8
59 35 27
58 46 12
34 24 59
38 55 61
31 3 15
22 20 74
15 6 88
54 10 69
39 61 100
6 16 85
35 43 15
50 5 9
56 22 43
5 40 4
31 27 55
47 62 22
57 30 31
55 66 59
68 27 38
2 15 14
70 27 58
45 21 99
32 45 18
20 50 82
60 13 50
23 48 65
25 44 36
26 16 42
34 3 11
29 34 50
36 65 7
30 28 14
57 16 64
45 48 69
10 16 34
55 5 21
68 22 100
39 8 71
50 48 87
41 59 79
48 24 79
18 53 17
46 5 93
56 66 82
39 41 36
66 26 41
3 39 33
40 33 11
28 4 93
39 21 37
12 27 93
68 19 79
70 41 70
46 65 33
59 11 83
55 15 16
67 13 21
1 21 92
48 30 6
67 46 67
39 69 87
70 52 9
39 29 23
50 32 90
50 22 17
46 54 47
41 47 84
6 65 41
62 8 24
65 29 85
40 54 56
25 42 64
42 20 81
36 26 37
64 15 99
70 47 38
42 70 100
14 47 1
7 32 40
22 68 20
66 25 20
43 33 97
58 54 78
70 24 83
69 53 87
8 40 16
61 59 2
6 35 66
27 14 77
12 36 73
40 46 88
49 47 17
33 56 2
69 45 90
64 30 92
10 33 23
12 55 36
50 57 16
28 46 96
37 12 1
39 67 34
9 69 75
35 30 58
30 12 67
67 25 12
56 13 45
7 35 40
47 40 83
8 3 58
42 49 88
30 17 36
27 15 64
48 14 78
29 35 51
4 56 4
29 68 43
25 13 42
38 41 81
49 2 16
6 26 58
70 43 19
24 52 18
52 56 37
80 831
55 79 31
76 43 95
42 4 41
60 59 61
59 35 58
70 18 48
67 79 54
41 18 63
13 37 12
65 36 31
9 67 26
34 80 98
30 40 84
65 61 26
21 45 47
3 75 1
68 36 66
41 78 75
23 16 54
43 61 36
53 36 62
19 43 25
33 16 74
77 53 13
78 56 20
13 45 63
73 38 33
33 22 50
33 3 73
56 32 85
25 49 41
66 69 1
16 76 20
26 4 78
64 33 90
16 45 36
69 47 45
59 29 83
32 60 78
14 60 91
12 26 78
73 21 31
79 28 77
51 37 54
37 19 33
54 71 9
25 77 63
74 14 16
53 31 69
6 20 43
11 65 75
52 50 32
52 58 21
4 48 70
8 29 98
51 78 86
78 20 43
12 19 21
6 43 42
63 70 60
4 15 100
17 42 1
47 24 73
4 63 69
26 68 90
70 38 56
50 6 52
31 68 85
25 78 37
55 58 19
17 57 69
38 35 45
28 44 51
64 31 53
35 76 91
31 63 6
37 17 85
2 34 52
66 11 91
21 31 41
72 69 12
51 2 95
12 57 97
25 75 93
44 51 22
76 5 36
52 25 70
45 36 89
31 10 73
43 66 41
64 23 99
57 43 12
49 31 50
80 70 45
27 14 59
24 54 98
37 56 47
51 33 36
18 65 42
58 16 29
38 48 26
11 72 32
40 5 54
17 24 25
78 40 4
70 51 54
68 35 80
54 63 62
78 2 48
5 31 10
32 57 90
20 77 64
44 22 93
14 11 8
11 24 97
73 27 29
30 79 67
43 44 44
6 69 14
10 71 77
17 12 4
72 75 38
56 58 84
46 37 40
70 66 16
55 3 20
27 68 40
48 59 71
50 71 31
78 54 40
31 20 87
47 2 93
60 38 14
5 24 65
68 65 46
80 58 67
65 80 98
43 16 44
51 50 45
57 4 84
33 38 20
20 54 46
21 8 92
65 50 54
57 28 71
38 30 70
37 63 56
72 46 49
1 52 56
44 48 58
74 72 82
21 58 57
69 60 40
13 4 80
30 69 26
70 8 23
11 76 20
32 1 52
9 36 78
25 30 2
16 73 57
75 47 17
55 40 76
6 75 33
66 73 50
69 50 97
63 71 72
30 72 61
6 31 84
61 62 14
50 43 54
44 35 23
58 32 43
71 42 18
52 71 32
63 12 12
27 8 57
45 49 55
15 45 66
8 74 51
30 53 99
57 66 86
65 55 71
79 22 94
14 1 42
43 49 39
45 76 33
41 59 44
47 70 77
67 43 85
1 64 27
29 37 29
4 59 23
1 58 14
44 53 99
39 5 76
10 1 100
3 6 22
71 37 84
64 46 68
50 73 28
75 27 30
18 70 5
63 77 75
61 74 11
5 1 89
77 71 58
26 7 44
20 8 4
26 3 8
21 64 61
13 59 66
14 47 56
64 68 15
16 46 66
40 2 52
77 32 28
11 40 32
15 6 81
60 44 55
5 40 33
20 7 5
54 11 81
33 61 52
72 78 100
31 47 90
1 42 86
54 47 49
61 26 83
4 51 83
16 56 44
59 13 84
14 9 30
77 73 74
24 27 15
70 40 71
25 29 13
74 27 41
16 51 94
80 12 9
79 25 73
71 21 17
7 25 61
43 31 92
18 3 65
10 78 46
60 36 72
67 2 36
64 49 27
33 34 19
52 38 39
39 8 89
55 13 52
33 77 62
41 34 76
25 70 35
59 54 8
73 79 82
8 17 60
32 53 63
19 13 62
23 25 92
19 32 3
6 35 48
11 57 19
66 36 89
14 46 13
73 65 91
67 69 6
48 28 6
52 33 86
28 36 64
12 62 83
15 79 37
69 38 100
63 24 53
31 49 32
7 55 7
30 4 58
40 8 16
19 73 75
76 57 93
6 47 41
69 9 91
22 3 12
56 71 85
16 62 81
58 42 22
2 30 15
26 12 53
1 24 54
30 12 24
24 62 18
66 4 50
68 44 93
29 22 93
45 41 73
21 30 63
39 12 20
6 3 55
9 12 7
30 31 92
13 75 84
13 49 59
57 53 18
10 31 87
44 68 13
24 34 33
76 55 21
74 60 79
15 37 32
3 76 24
23 44 97
67 53 7
3 62 65
78 43 45
51 29 37
15 14 89
28 27 59
12 9 37
79 51 50
20 17 83
2 70 43
24 41 99
55 53 4
2 49 82
10 57 44
28 54 48
18 62 7
5 39 93
28 78 85
32 30 83
51 66 95
80 17 5
4 21 21
49 26 55
12 65 26
35 33 16
68 2 83
20 53 89
66 61 89
77 9 96
9 26 1
29 3 70
19 17 95
26 41 21
76 11 17
17 58 67
8 64 30
26 15 11
74 36 31
38 10 85
21 33 32
69 15 25
63 61 27
42 57 64
24 36 36
18 9 92
11 23 24
47 16 22
23 68 99
42 79 48
47 39 3
55 62 26
74 59 93
2 55 52
42 69 8
50 78 45
21 25 21
79 69 48
36 12 30
51 18 94
46 73 50
4 16 92
2 45 21
58 9 1
1 48 89
35 80 82
26 54 19
5 17 21
74 70 11
2 61 8
50 57 54
18 64 53
26 55 7
76 4 78
6 14 55
39 75 66
39 68 37
80 23 62
69 30 85
12 14 6
74 65 50
66 41 56
77 25 58
17 71 52
33 28 67
69 63 49
28 62 83
61 65 81
15 35 55
41 24 57
27 6 71
35 17 81
8 4 13
77 46 77
20 60 30
78 68 38
3 30 34
40 22 75
10 46 99
40 49 61
22 64 43
79 58 86
53 17 8
23 12 75
59 41 62
51 63 12
53 34 47
10 74 75
2 36 5
22 48 33
15 48 37
28 59 9
77 7 5
30 2 86
12 75 3
36 1 51
65 33 6
20 69 24
55 18 50
9 32 10
4 68 55
7 2 32
32 55 96
31 24 53
21 37 80
2 54 23
70 48 43
74 20 52
45 7 89
55 38 85
57 58 42
71 64 70
70 32 79
9 73 5
15 39 75
67 30 79
1 75 25
33 10 77
17 9 13
1 36 93
64 21 93
12 73 24
28 74 70
39 26 100
27 50 31
74 24 72
35 54 47
47 15 22
45 39 14
46 80 77
26 13 52
56 66 7
21 47 80
59 52 12
36 11 7
72 25 82
3 26 54
3 50 53
10 2 67
59 70 95
31 79 33
3 70 91
68 53 98
12 45 91
60 33 38
65 30 64
32 36 83
40 73 28
2 77 36
23 63 43
1 54 21
20 40 54
45 2 32
1 17 0
29 36 84
7 27 19
15 50 38
33 66 100
63 59 29
12 11 61
26 22 93
29 33 21
4 28 30
50 64 73
72 8 98
77 66 65
16 14 62
61 10 95
52 8 12
79 47 92
24 8 4
32 10 32
37 34 68
7 73 32
20 55 58
64 53 16
19 78 90
43 18 45
75 44 29
52 54 7
7 56 90
59 23 33
64 22 78
33 54 17
46 42 6
29 63 4
38 31 44
78 27 10
39 71 69
46 14 68
61 29 24
58 38 19
22 40 54
22 2 8
16 47 97
6 24 78
8 66 80
10 20 3
18 53 16
58 51 10
27 25 53
62 64 14
30 28 76
64 15 60
37 4 65
19 23 62
24 5 95
15 77 13
9 78 77
18 26 89
54 36 100
68 69 100
8 28 82
18 14 36
64 78 67
4 64 51
3 46 40
30 34 19
3 58 44
21 35 99
63 4 31
52 22 28
61 33 63
62 75 48
54 19 76
54 32 21
60 55 51
37 66 18
42 9 41
42 18 61
31 75 34
46 64 29
27 47 66
79 4 70
12 29 60
53 43 75
40 51 46
43 58 69
21 72 6
18 42 65
68 30 39
33 78 11
62 55 99
53 3 45
14 12 71
60 53 98
52 59 5
15 51 84
24 69 71
44 18 4
15 2 45
30 37 81
33 64 63
50 60 2
49 24 52
15 42 2
63 53 99
5 6 68
60 16 19
5 64 34
14 33 56
49 21 23
68 67 48
69 7 31
42 54 44
5 22 87
49 42 39
56 50 12
56 26 65
31 54 100
60 76 25
23 37 20
31 26 24
18 79 16
19 37 96
7 77 7
68 77 32
63 28 73
37 71 22
73 75 82
13 8 44
1 15 53
52 66 89
56 51 25
72 59 13
17 55 39
28 31 66
51 57 0
68 34 0
37 2 83
26 49 71
4 46 51
64 62 66
67 62 27
19 9 76
70 71 3
61 17 29
70 35 99
27 73 24
2 52 78
4 17 68
61 78 68
22 67 21
54 60 65
29 46 84
71 27 24
58 34 68
12 40 55
70 62 34
74 53 88
32 58 35
17 54 96
17 33 41
77 45 43
51 69 76
10 37 53
34 18 70
31 65 1
72 15 43
66 43 35
71 66 5
15 60 92
8 68 78
20 76 88
67 71 31
48 27 29
63 36 60
29 16 26
44 73 90
43 2 78
30 50 90
60 70 81
25 38 82
9 69 34
75 25 42
50 32 76
9 41 46
48 35 86
33 44 43
67 37 98
10 12 81
41 73 39
14 18 15
10 32 92
12 68 81
55 41 1
36 2 81
75 43 80
67 22 17
80 3 92
33 11 15
41 46 65
45 58 17
72 4 76
27 42 55
41 44 82
60 56 23
31 22 57
5 16 71
4 2 50
46 26 29
17 77 7
30 55 78
14 57 14
56 78 2
43 77 18
31 28 64
36 42 43
48 67 54
36 74 40
48 22 46
24 43 8
3 41 28
30 54 85
27 78 28
59 65 84
74 34 76
32 8 66
13 52 94
24 76 37
38 71 97
35 59 100
77 58 88
73 70 15
68 63 39
59 26 69
48 26 5
75 3 67
19 54 87
6 80 28
58 68 99
39 52 93
51 73 78
53 12 39
61 35 19
78 51 6
16 66 7
38 69 61
47 46 0
64 66 100
54 76 78
31 27 47
22 55 84
55 69 60
55 31 71
13 70 19
73 62 85
66 20 83
7 43 23
69 43 9
74 16 63
65 45 37
73 53 39
44 76 35
27 45 46
26 10 76
19 31 30
26 36 74
33 19 66
68 12 72
63 51 66
7 45 41
19 28 96
64 16 27
50 70 57
29 6 26
11 27 8
20 1 9
5 10 34
14 36 20
42 77 23
57 60 80
35 55 50
46 30 76
31 50 30
58 7 97
4 31 98
4 45 67
7 40 73
63 39 30
22 41 75
9 72 95
41 10 76
28 24 11
12 64 86
46 63 98
3 55 57
50 11 40
75 67 1
5 62 51
44 8 86
56 74 78
62 23 97
80 27 49
72 27 78
60 5 35
80 36 38
5 32 88
47 67 55
60 32 28
36 6 67
48 73 37
78 18 17
63 31 92
78 24 34
77 62 43
75 54 43
42 65 75
29 27 17
18 6 33
33 17 19
48 45 74
39 6 87
10 73 44
7 67 11
69 76 83
11 44 99
38 12 13
18 56 17
53 50 59
51 10 22
37 53 91
50 30 99
11 48 85
4 54 50
5 37 2
20 65 19
51 32 62
21 49 54
64 1 46
56 21 45
26 53 58
11 43 96
42 16 36
39 70 31
49 44 72
34 60 93
61 43 11
39 19 13
90 732
36 47 70
58 4 40
3 82 29
4 74 44
25 60 50
83 3 25
79 33 43
74 89 27
10 66 72
64 21 66
3 59 87
23 16 88
59 68 71
41 72 81
45 74 32
50 69 32
8 51 52
34 40 55
53 43 63
76 4 64
79 63 94
86 79 5
18 40 92
56 47 40
80 16 53
59 72 34
32 64 40
15 2 64
38 15 4
2 49 4
68 48 94
89 34 36
71 68 99
1 58 83
51 5 20
53 50 40
65 90 0
63 1 90
59 89 25
29 55 87
1 35 34
65 36 7
43 17 31
77 61 10
5 68 37
72 48 25
53 54 98
30 77 0
70 84 17
54 10 3
62 24 88
20 17 26
11 69 52
15 51 7
9 30 47
45 21 91
5 44 58
56 37 27
79 6 46
41 47 44
32 86 14
43 53 70
37 66 89
82 12 10
56 80 31
36 30 8
4 43 65
37 72 76
66 23 65
32 23 61
38 17 32
56 9 0
41 54 28
37 14 37
63 43 36
13 27 28
48 87 5
75 70 89
65 77 62
78 1 33
71 88 56
44 24 91
76 62 46
17 42 83
10 65 88
71 16 41
28 22 15
30 33 19
84 86 40
58 51 67
79 15 13
33 85 88
13 36 25
39 77 5
12 15 5
45 62 46
29 11 50
4 7 43
18 38 40
65 38 57
27 45 51
87 69 47
3 28 68
39 25 67
2 86 83
4 38 51
33 53 46
16 12 52
6 40 19
23 71 12
42 34 13
13 72 43
7 79 57
13 25 39
4 34 35
72 79 59
48 79 52
83 16 80
70 40 38
73 76 91
51 25 49
75 40 90
5 49 5
84 64 67
74 77 50
65 62 59
62 76 41
17 2 83
7 24 90
33 60 30
75 50 8
7 49 6
23 24 71
19 76 87
40 78 37
55 34 73
62 7 50
55 27 97
78 47 35
68 10 62
75 65 12
14 77 38
65 42 17
14 7 57
33 10 73
66 44 56
70 89 21
60 34 90
38 44 87
74 50 68
59 37 64
28 38 93
67 51 59
51 81 71
36 58 14
57 25 77
25 68 51
90 71 61
30 58 43
35 90 34
84 27 0
60 5 19
82 62 21
44 12 40
30 36 54
77 64 56
73 3 6
46 89 43
16 9 75
86 10 35
30 74 48
49 64 73
46 57 54
88 76 62
15 41 25
6 59 7
24 42 95
26 6 93
42 12 16
64 67 18
41 17 67
28 79 95
73 71 33
51 57 75
26 64 45
52 33 10
31 5 1
25 80 57
77 27 51
58 66 83
72 43 77
87 65 71
61 6 8
80 26 10
2 69 96
72 4 1
66 83 62
4 44 84
33 66 70
67 65 100
23 22 35
67 14 39
75 74 94
63 11 93
52 53 43
4 29 34
87 45 31
49 56 46
73 36 73
26 89 7
4 81 76
83 37 5
90 32 29
60 33 24
54 68 95
23 26 89
58 85 37
60 78 42
68 5 60
47 65 9
67 33 34
2 50 20
42 90 44
6 1 74
8 31 96
41 4 68
24 6 22
53 37 26
27 8 59
53 65 30
59 70 3
78 8 6
80 2 8
17 10 37
30 28 56
30 21 15
17 54 40
82 30 8
80 10 73
74 88 40
89 4 63
31 29 43
40 87 88
83 40 28
34 71 35
77 52 82
20 58 86
3 39 5
6 65 78
76 68 58
69 32 91
86 26 16
37 85 12
28 74 54
58 86 66
76 63 29
87 24 19
33 68 74
57 56 68
29 9 87
16 76 74
69 73 16
6 57 75
54 76 43
43 48 23
23 37 47
63 72 77
62 89 67
17 32 26
56 24 10
40 52 88
3 85 99
31 76 72
57 39 45
7 56 60
49 31 71
87 73 78
85 61 88
27 39 64
89 10 32
31 89 77
56 90 16
42 80 94
48 86 69
70 69 75
41 39 88
70 11 63
44 30 94
27 1 14
54 73 21
15 85 22
66 54 66
25 40 8
34 44 69
73 58 74
7 11 12
4 90 23
66 14 99
40 4 37
20 5 71
65 6 61
10 46 13
73 15 19
44 7 64
60 81 94
31 40 56
87 84 75
26 44 66
47 3 48
54 26 83
86 9 43
12 74 77
74 55 93
90 72 59
73 18 23
64 88 34
13 82 54
14 74 30
36 64 62
14 76 31
49 18 23
50 47 96
43 2 35
28 51 29
80 22 59
8 73 17
73 60 88
90 16 61
35 48 90
74 84 57
20 53 88
3 15 37
13 47 25
31 86 17
54 4 5
17 55 91
71 24 89
9 55 2
72 63 24
24 4 48
49 24 22
21 86 70
68 40 23
63 40 10
19 17 84
9 19 26
44 89 23
54 88 11
37 50 68
31 4 50
34 82 83
21 81 0
1 32 83
46 6 93
26 55 41
77 86 5
30 83 89
87 71 92
24 79 90
68 16 51
62 14 41
63 67 35
62 37 12
14 16 81
42 75 21
24 23 93
27 12 74
35 55 60
14 3 30
67 76 81
19 81 65
85 90 31
4 9 30
49 33 70
45 48 43
48 39 12
5 45 81
2 10 55
28 52 10
65 15 28
48 82 34
48 18 84
73 85 82
28 57 19
9 28 57
12 75 93
47 50 83
12 70 40
69 57 22
80 51 75
79 38 33
44 55 91
55 65 85
68 50 28
88 56 8
7 48 19
75 43 44
3 74 8
26 76 98
65 10 98
72 21 54
73 19 80
74 20 61
54 64 20
4 11 34
90 57 39
87 80 71
42 40 65
3 9 45
17 21 71
30 25 47
10 61 12
42 60 52
11 25 86
29 31 95
41 45 42
14 46 12
31 43 40
33 52 21
51 18 83
7 4 94
62 19 53
4 60 69
3 36 10
84 2 60
60 38 94
88 32 88
40 56 58
37 15 45
72 75 75
24 44 89
32 13 90
55 7 64
66 30 39
86 39 51
59 81 99
90 58 97
52 48 41
85 19 11
78 74 57
15 8 77
51 9 49
87 30 65
86 48 31
39 47 15
37 6 68
47 51 83
31 78 43
85 23 28
1 34 68
54 15 76
38 58 9
55 4 67
1 5 98
21 23 3
58 8 65
39 22 0
39 83 46
28 45 59
45 83 28
87 46 49
83 52 97
47 2 83
63 42 96
89 40 53
9 2 50
70 45 36
84 31 35
42 48 22
44 5 50
26 85 91
18 16 72
69 37 71
22 33 92
61 71 46
82 15 36
83 75 36
34 69 79
22 59 33
49 5 4
34 78 33
53 86 80
57 26 87
79 20 75
59 67 7
50 73 0
63 68 36
66 82 76
45 79 34
81 80 93
64 43 73
36 28 1
47 6 8
22 34 60
4 87 39
30 3 2
2 23 27
21 30 48
43 79 79
83 30 56
46 12 74
87 60 1
87 82 1
71 28 89
60 71 100
85 70 59
29 66 6
28 43 38
29 1 38
64 6 49
16 14 47
58 10 28
23 81 3
35 31 81
90 23 58
10 21 98
66 58 16
67 83 71
32 62 41
51 52 11
13 77 89
10 63 43
49 52 48
9 51 85
42 58 64
69 26 57
37 22 43
68 38 44
6 87 21
70 48 34
22 6 22
71 37 10
48 40 19
87 49 32
44 50 82
78 58 27
80 37 47
13 42 54
42 56 60
85 59 50
51 32 1
36 22 41
56 12 39
11 48 89
30 19 36
76 70 32
28 68 37
28 4 95
84 39 14
85 51 34
42 24 36
9 53 94
73 75 62
78 35 71
48 80 39
45 3 53
50 15 51
26 77 99
37 45 19
56 46 90
32 70 71
33 13 83
43 21 62
61 7 45
30 35 81
1 83 42
67 61 55
25 75 0
84 63 75
19 21 4
74 56 99
83 80 62
57 63 66
49 84 9
56 17 13
84 74 34
3 56 90
45 82 96
13 89 43
11 41 67
68 8 46
25 84 54
25 10 66
68 59 10
46 64 73
67 1 57
67 36 54
16 49 72
36 83 45
83 29 48
85 30 23
31 73 99
34 90 48
39 31 22
9 15 12
48 67 35
49 80 29
84 76 86
76 89 83
24 90 47
8 24 46
29 73 50
60 77 48
7 32 16
47 82 3
54 14 95
69 63 14
51 82 66
20 81 79
50 5 40
49 29 71
15 25 16
5 80 30
89 88 77
53 11 29
45 33 32
89 53 77
4 3 87
75 20 3
36 59 55
47 61 63
9 72 2
10 7 41
41 29 11
63 44 32
38 28 30
30 65 12
5 10 56
77 29 100
18 6 46
67 57 20
18 79 71
60 56 8
31 46 83
40 45 93
58 38 81
28 30 86
33 56 29
25 2 9
14 62 98
68 56 88
1 65 42
3 34 82
1 2 24
54 11 41
9 80 69
88 39 1
42 50 89
53 44 63
54 41 80
88 69 37
63 65 34
86 90 56
58 6 0
55 2 70
66 61 31
59 42 84
71 69 71
52 22 53
59 20 82
25 26 100
51 41 93
81 61 1
46 36 25
20 50 28
20 85 98
76 73 93
81 89 27
89 27 56
73 21 7
73 79 41
72 55 43
4 39 9
56 66 68
68 55 96
50 40 52
29 46 64
79 39 21
61 17 6
25 11 85
79 80 84
34 21 71
46 47 72
65 74 43
12 43 4
29 24 47
65 83 70
67 43 50
77 40 38
49 75 96
11 27 17
69 87 1
63 50 0
35 3 30
10 87 62
56 16 64
80 87 20
46 76 84
25 28 31
55 69 3
72 76 93
55 39 25
8 90 67
56 72 0
44 40 100
25 90 17
71 20 18
74 5 83
74 33 94
13 67 19
52 41 67
69 66 82
21 64 64
72 38 63
45 63 0
5 56 59
43 88 5
76 54 25
88 13 41
35 38 36
85 86 12
17 7 84
51 35 94
44 49 31
81 24 31
32 45 57
1 56 77
64 15 73
21 68 33
79 67 23
19 84 20
20 25 60
100 508
40 73 20
16 3 43
69 43 64
50 33 0
14 37 94
71 99 16
29 80 37
53 39 87
51 81 36
62 11 81
15 12 60
66 92 11
44 1 37
56 14 81
92 45 91
69 22 34
92 96 20
72 42 81
50 29 50
61 87 14
41 42 72
37 97 56
81 76 63
46 51 7
55 5 80
92 82 10
85 36 84
99 63 15
49 17 20
42 47 80
35 11 63
15 6 17
5 2 20
76 98 52
99 57 65
90 31 57
87 95 50
37 23 54
25 28 38
83 31 66
54 31 71
17 55 7
3 34 44
22 92 4
89 22 50
53 85 11
19 76 45
58 35 62
14 7 56
36 62 40
72 7 49
30 43 15
79 49 0
75 34 99
59 52 40
94 61 43
55 16 2
22 62 94
68 86 68
49 27 87
91 56 41
51 90 59
89 49 85
78 90 40
3 74 70
32 35 35
35 66 76
61 49 82
61 80 35
14 57 42
62 52 38
30 15 53
43 76 17
18 80 55
72 75 79
6 74 27
43 66 11
55 28 48
91 65 41
95 77 46
93 9 13
72 35 65
54 4 13
7 21 76
53 8 90
71 4 85
7 100 76
6 53 25
80 31 37
3 68 93
23 95 23
66 61 34
24 71 73
52 50 40
9 63 74
83 34 25
35 97 86
80 39 16
44 97 45
12 1 2
99 75 98
89 31 10
23 89 76
37 25 33
23 58 33
75 92 24
98 82 87
63 81 79
75 13 40
65 74 2
11 16 84
49 42 56
90 46 38
86 8 77
95 99 31
17 38 94
60 55 50
76 2 65
89 85 94
67 13 69
80 47 52
21 71 12
7 97 100
10 86 12
52 76 6
36 94 62
47 21 75
52 9 83
6 64 83
95 67 21
1 66 31
17 96 82
30 11 4
8 17 37
68 5 13
73 4 20
72 18 76
50 79 73
92 2 96
88 8 60
22 15 27
12 46 76
59 14 14
48 61 35
63 7 80
19 11 25
63 47 26
39 96 68
78 28 83
3 43 100
7 30 37
79 35 71
27 54 90
92 88 49
40 74 86
15 67 14
1 14 73
8 36 41
78 15 20
63 45 32
14 86 95
58 81 86
63 39 1
69 36 11
77 71 15
11 1 59
29 95 68
67 18 97
35 82 6
38 16 60
66 17 81
49 75 90
60 53 12
21 18 1
18 90 11
90 14 91
21 58 28
77 80 5
1 84 27
94 17 17
77 61 15
20 38 62
92 3 60
66 28 2
63 84 17
83 73 8
31 49 19
12 97 83
4 28 61
86 12 35
84 62 36
23 20 96
99 68 35
2 77 37
16 7 53
51 31 16
78 67 91
7 85 65
26 48 27
38 96 38
47 31 89
81 70 49
99 40 49
57 48 45
99 30 4
58 13 58
6 1 32
73 60 88
95 54 0
33 60 7
59 4 56
34 21 84
25 3 98
74 98 29
1 3 85
44 18 11
46 26 79
7 76 89
31 8 20
16 15 3
47 54 86
83 84 40
20 81 35
82 98 31
58 45 51
74 47 56
37 54 97
94 83 36
93 30 2
30 78 92
52 12 64
77 78 39
19 71 35
6 63 19
73 81 76
4 70 71
52 2 69
51 47 95
82 76 33
58 57 67
68 98 77
46 67 64
41 65 5
8 85 98
9 69 54
90 37 20
2 99 79
2 71 59
67 93 86
64 62 17
16 75 17
37 40 12
50 69 19
12 20 40
67 26 93
17 90 77
13 79 48
72 87 8
90 3 33
95 55 18
14 50 74
90 55 76
61 16 17
11 36 49
100 74 100
9 45 18
20 27 33
65 20 3
98 68 17
57 77 77
4 26 26
68 94 60
44 25 84
73 66 48
71 48 92
48 100 49
87 27 83
3 52 16
13 63 6
1 89 11
35 79 37
48 91 97
64 45 53
12 85 56
16 31 30
62 71 74
42 31 63
83 43 97
79 11 5
98 89 84
77 93 70
43 96 71
76 35 8
89 50 66
60 30 53
97 35 25
55 49 19
65 97 88
61 95 20
36 22 52
62 73 52
3 67 100
87 53 80
72 73 61
36 38 74
5 73 72
20 86 35
31 76 62
37 85 64
27 34 92
30 95 73
65 66 56
10 71 40
64 16 41
64 97 8
81 91 27
60 17 99
40 94 51
20 50 49
12 83 39
51 82 10
81 33 17
20 43 96
11 47 15
79 6 0
21 53 2
35 45 67
63 91 36
68 43 25
32 59 52
12 31 98
67 27 59
83 29 36
25 11 96
60 52 1
55 60 35
92 51 77
96 89 68
33 55 62
37 5 66
44 82 56
98 90 35
48 22 99
49 37 47
59 91 79
58 54 15
49 72 13
14 46 45
78 83 75
1 82 52
99 64 75
12 61 93
80 65 73
100 93 24
84 36 14
67 47 59
99 84 45
68 57 80
28 8 57
81 60 95
41 32 72
22 2 88
7 81 26
53 88 25
81 84 25
41 27 51
69 90 87
41 76 31
78 99 34
62 78 36
44 4 70
42 76 79
33 97 65
3 92 31
27 93 81
98 26 70
84 77 37
55 71 54
78 22 9
37 32 88
85 39 47
95 94 41
16 25 100
83 2 87
29 15 99
50 40 30
53 72 95
52 10 98
30 7 75
53 19 32
28 40 85
28 54 52
20 83 36
51 30 43
45 42 41
77 13 42
40 64 58
22 38 49
18 59 11
63 100 42
85 64 47
2 80 82
23 17 39
99 61 4
30 58 87
54 94 66
26 64 49
53 47 89
69 72 35
85 13 82
21 47 6
55 53 45
43 27 63
66 18 45
73 16 67
23 3 89
2 82 79
83 69 59
8 10 55
37 66 80
73 44 89
29 83 62
38 69 8
12 54 38
90 96 44
77 20 84
9 17 25
43 41 40
90 1 55
88 80 100
90 91 53
97 9 13
70 11 54
32 8 84
79 36 1
82 21 32
50 60 85
87 25 29
39 49 9
3 91 93
36 21 11
84 32 6
93 43 39
68 72 82
79 42 32
57 86 69
96 14 1
10 74 39
48 89 80
33 14 90
80 35 36
18 23 64
85 10 80
50 53 46
35 7 7
84 25 98
63 44 40
94 29 64
74 37 77
52 15 12
32 85 48
25 69 77
12 11 100
82 61 4
8 37 55
24 21 98
36 78 26
58 60 80
37 1 29
61 93 62
93 77 83
82 46 74
56 43 3
78 5 89
22 67 76
34 88 37
94 28 14
4 83 77
27 38 92
68 35 60
74 18 39
86 17 69
9 73 78
72 14 90
34 69 2
99 46 1
35 57 27
81 50 26
29 76 69
29 99 62
23 48 86
75 47 23
21 19 29
94 51 84
68 18 32
40 15 28
92 68 55
91 5 90
88 26 29
81 100 48
17 97 20
73 14 86
41 63 96
11 92 74
53 14 100
63 38 1
42 10 100
37 59 98
